0.41552927707388654
0.5497198385525066
0.6234266412265086
0.4134801850069206
0.49206752134380105
0.5671320979072271
0.4487233825246115
0.4195754733559016
0.5887907372634653
0.4773214604687012
0.3336729080310399
0.4627399942569226
0.41067100106355486
0.6209073742411261
0.45466688423733415
0.6269144156584178
0.47305626581991217
0.4329841609341809
0.49375476415063463
0.44417373185011394
0.4984908954263822
0.44329376793112063
0.44670419645236836
0.44186241350358574
0.3062123462967298
0.4573926051465541
0.47365002155494734
0.6065578547605335
0.5471505454794447
0.4203992998497815
0.5366304057477086
0.47359654747420843
0.43864219403396476
0.5603399006959126
0.6206705640290004
0.4703554784937183
0.4397891270110134
0.3862946521027292
0.523701303615135
0.4134994701806368
0.5418880114259708
0.6158316891136199
0.5009094069599053
0.4561847797020368
0.5110404910177097
0.39445332915676223
0.6756326611979542
0.5209289740690076
0.5238702896014782
0.4469587052586119
0.5531060303376937
0.6247294832140455
0.2677116710166149
0.6632742079167555
0.41057785261267116
0.571708212023927
0.45928838792325266
0.3612357743638658
0.6611230273216879
0.5868247821193545
0.5840892176149792
0.5362314201705718
0.611341400310801
0.4970959641210788
0.35844077055393314
0.5316296035569312
0.4552920386456161
0.47658336439767446
0.5188769697043727
0.39723989352540784
0.40742794494295476
0.6856146437631228
0.5315446120348525
0.5080674927602146
0.4251817506776358
0.5303148453901608
0.38464412493973954
0.5473384330014864
0.48691766702086736
0.4977339021288493
0.5000712055658927
0.41989543465479257
0.5974472912714084
0.3333797328222482
0.44246850060954535
0.5268938946661339
0.5501177031507125
0.5626496639521519
0.46456797172279246
0.4531166993544947
0.5286664807570661
0.5437760574242907
0.5561406547842166
0.5638613284239131
0.5973911017183666
0.45241613728595964
0.5608417521166248
0.4231035403495699
0.40453838891854904
0.4201007294083024
0.5633265725399915
0.5473480477385796
0.4268035801121909
0.31249888264068526
0.5921368057672735
0.3898762641033368
0.4552088133005848
0.4828484769489442
0.6740340607802483
0.47992803568167064
0.510569194625996
0.6295416182686224
0.5055654193439859
0.49630769260258456
0.557626645751423
0.4630137815871913
0.4053004618497253
0.48665845861355683
0.5356652859073822
0.4142056305527993
0.585591812963975
0.4907917933802351
0.6085170627625414
0.5220293209653843
0.5162816298686785
0.550935972078867
0.4445812660504579
0.38993932952491406
0.6025662120649722
0.5390701699992901
0.5234649630542906
0.49248970725427754
0.4809381169661915
0.5551753141471768
0.44367685390971406
0.3940504419715453
0.29846582767566693
0.4751555642538165
0.5377259897321816
0.4344461628969886
0.34850739568540556
0.480942071138861
0.566109087557039
0.47698630156599015
0.5829439690047978
0.5038686676553508
0.6442192753687308
0.5170740746017134
0.3581324546028849
0.6380060054327032
0.5538448547072736
0.592313697958574
0.5946221075485725
0.552274962377899
0.5504188053592124
0.5342973105081286
0.634420767946669
0.5559384946532949
0.5447252313579661
0.4606426021802153
0.46726133351053223
0.5210401858518835
0.518533580349983
0.3740882714927351
0.44567401808842416
0.5101738261857144
0.6240327819683409
0.4458879121430046
0.34451128447157475
0.5648929607238125
0.43338908240589186
0.4694156832627233
0.40470892722015295
0.4845218738459483
0.506058444391345
0.4983029296397076
0.4302669743821812
0.2881300843775991
0.4603574301925969
0.4902547325573567
0.54747586390978
0.5381843436078088
0.4116464952090755
0.5159631620037158
0.5018963352052617
0.5388292798411369
0.426795799436807
0.45780370679039706
0.7079583980769567
0.7499647378650405
0.6014657239671128
0.575211812190126
0.5441334657764223
0.42402744608934384
0.6952094564215399
0.5812065665659324
0.47275248338281817
0.45979237530015604
0.563170138079897
0.38542553669934443
0.5459969228778788
0.4699905054597539
0.49039798117202776
0.4145712411925306
0.5485598244295836
0.472267056966452
0.4284419513320301
0.5342251152551342
0.3897473209332073
0.5492864998819506
0.499202483802146
0.5500969114127583
0.5456864870696403
0.4657031393347769
0.41318142300048477
0.5426095242856016
0.5131859435813197
0.5170779143152642
0.5067654272563366
0.4623493686136736
0.46915851656260865
0.42733070113323696
0.4981670324356205
0.5441943598825683
0.5661152821162077
0.39650253571212757
0.4055641850583687
0.5921615940884621
0.4239077210947856
0.3947827862475724
0.40243652909995375
0.5346317180879838
0.4512864743600988
0.4195359328556287
0.47886757824267434
0.5979798335564155
0.4160632551292548
0.5577483650589987
0.7234651704359537
0.498502113122113
0.4267603870736576
0.4548280411963931
0.503050435721199
0.637812696231982
0.5237209549823605
0.4844683116183244
0.4531703718722833
0.5815440424113827
0.3838381589644216
0.47896769982185566
0.34312117955699173
0.5377503818690473
0.4935886005290966
0.5738370156729016
0.463915205487442
0.5250376756617751
0.5119411448837458
0.4199696282890805
0.536670689109062
0.4578154485706106
0.5905759825783123
0.5141723721719338
0.5825367213736264
0.43950342179018054
0.42319767949695786
0.3245543418158924
0.5005622285796338
0.4775683148183801
0.6055831376170812
0.5575713907657975
0.44541976654734267
0.4388745283393804
0.5273989958354934
0.46150913779572705
0.6019611826333093
0.5315123398522488
0.38487705431041647
0.5497218705724182
0.3987992491136142
0.49219459735315574
0.5518532236139345
0.5559768395910852
0.40358464430310925
0.4071963752508785
0.3765548993749539
0.5317033997452248
0.45628273862913354
0.3597380590403513
0.45877623705424564
0.5966717077329134
0.4552680379694892
0.4919106129609891
0.41741233389710486
0.5564240015442005
0.5721126749076701
0.4395184047691791
0.49054470781681303
0.5958664599699869
0.5223557281870236
0.511108606203688
0.4809390316819668
0.6777096616445127
0.49760188552404366
0.4239910583663538
0.5653619613492925
0.3812161436572852
0.5884935827044105
0.5098410050122201
0.4692334325768109
0.5667505439335851
0.587952987860784
0.4925167436391655
0.629361748801797
0.3808507241909997
0.40055336083946746
0.5706654545573675
0.5423022216018257
0.44753288823549164
0.4791849354000568
0.46984435198630964
0.5176704647958716
0.6477290865411127
0.49979157506191013
0.46601285080611143
0.5597228763446024
0.502336579837974
0.4849031174215065
0.5009651485800256
0.4872331466742761
0.5235368900887459
0.42537304229101947
0.39470821082078733
0.4175449210258828
0.42758510268422795
0.4460341543067974
0.48388036849567145
0.579212120565121
0.4771086127019459
0.649602038463462
0.49354959155336214
0.4277093259633455
0.4492687777860077
0.4667750048294255
0.5250790341992043
0.4315622185867093
0.614309717823006
0.4246680937733188
0.6947048197180407
0.4929211854532473
0.6704656277436486
0.42252983441166003
0.451808564523162
0.38493609230425385
0.6055843281537954
0.5137776447328873
0.5039014408394841
0.4562958903554343
0.524838354148596
0.5207304316373809
0.5677633415943006
0.5094677117060568
0.49922513538756014
0.4512932825154936
0.32197717949845545
0.4890978921278488
0.5043459157802728
0.4389328261226177
0.3955463707613872
0.4462322146416728
0.47072243478988257
0.5377654072380379
0.5780261490949674
0.37681436737308166
0.5710411561439447
0.5376770886903149
0.5781048967747539
0.4222188144376289
0.5870565852250931
0.4805853510972413
0.46622655466138907
0.5545243955569161
0.5658312199581121
0.41565678426994423
0.5627753082159854
0.5467733537495343
0.4891579679961395
0.549480233615926
0.5306161184807022
0.44488981955213824
0.44008019301400253
0.4984147080322695
0.6668812545071436
0.4887985411826263
0.5143161068492801
0.5363706972539859
0.4470130324617824
0.4317618693673851
0.6386365145052622
0.6176160013585643
0.5045467633521821
0.4663861678642507
0.5372678210175127
0.4827237818670043
0.5757721230707775
0.5569016365664077
0.6352538520069797
0.5358292780425736
0.49567314059076584
0.5980597790534199
0.5699499181481816
0.43587780443847085
0.634647061799082
0.43603332150881435
0.5483492151383007
0.4172206965997555
0.48802492496575994
0.5267715064495734
0.5024835834642495
0.5771089892514925
0.4903139018205949
0.41961076107193734
0.6532237237849603
0.5930249722434694
0.6003306424558827
0.4777720801390706
0.47941600388840416
0.533952375017923
0.47137652737982305
0.5993717994137616
0.47032364184533404
0.5639554122259917
0.416646603843087
0.6549357475895972
0.41073447152394976
0.5511500885451313
0.4753044244756916
0.5637130280273476
0.4952644843601139
0.4849471980342759
0.5226719798097984
0.5491551524900927
0.5371517135461593
0.4461816194421614
0.4661960052533133
0.4744001175072973
0.5955430279937968
0.5472355082260667
0.6117685785033055
0.5737987820228726
0.6235968534956978
0.5077242355896624
0.3430858381858621
0.43115099840423293
0.5492430679724718
0.36142600611381714
0.5941584638520986
0.4336240902236588
0.6025606140432004
0.5507774018909785
0.48466866563804945
0.5121711967660507
0.5788560741846673
0.5069306916099239
0.6321560206081211
0.4510582405694198
0.44120077536633584
0.49202366412118204
0.6114225308047759
0.5045839981415094
0.5386709460473406
0.3624869543979948
0.3768747140491633
0.5577314459513553
0.39518593435932403
0.3705979112538835
0.5241815369535056
0.4433093248362107
0.37505575881164305
0.5423987004248592
0.460777828225112
0.48612283936770756
0.4843053661946958
0.5426354688436565
0.5730606195038215
0.5015712110622172
0.42050106246934454
0.5033277617674451
0.3682496431924045
0.5878666282398032
0.5181541553873489
0.5440368596710675
0.28619064491290735
0.44438878349653077
0.46976112232413314
0.4733192860968994
0.49025602879245955
0.5372136107543236
0.4658963281839593
0.6169095408583114
0.38008652921018404
0.40085469636747806
0.4598180722189071
0.5891566091770678
0.6006572808752557
0.4662845368659655
0.6020096372943139
0.5546987573521351
0.53756656255388
0.4201352946820433
0.5044851856691751
0.5082177205630427
0.5062979156197427
0.3779954506089117
0.5062612075419458
0.4921995016103561
0.4853663034532977
0.4814372581338731
0.5431950138866852
0.49271205814565977
0.5498267059626487
0.6739148277968032
0.45418572289520254
0.42794500441889205
0.6495992184839823
0.4574466575298124
0.4696746438139154
0.4831136872512183
0.512421716366961
0.46053879184526325
0.612039037364244
0.5342472142557181
0.48302488228464197
0.6011859102392593
0.5108436451299012
0.30043614476778413
0.25658367957914385
0.5266252420378765
0.50760023117056
0.34053002564544294
0.5715119027614985
0.41679781565897556
0.5426453470539881
0.4809370562760946
0.5295191831411403
0.5713940736889674
0.5931448637818891
0.4803998101187453
0.3113809368304168
0.447141435642965
0.5923170673363877
0.620580766351077
0.5150966044867357
0.5223610259125445
0.5862449601782904
0.4410283775882126
